,word,VERB_lemma,VERB_count,VERB%,PROPN_lemma,PROPN_count,PROPN%,PART_lemma,PART_count,PART%,NUM_lemma,NUM_count,NUM%,X_lemma,X_count,X%,PUNCT_lemma,PUNCT_count,PUNCT%,ADJ_lemma,ADJ_count,ADJ%,ADP_lemma,ADP_count,ADP%,ADV_lemma,ADV_count,ADV%,AUX_lemma,AUX_count,AUX%,CCONJ_lemma,CCONJ_count,CCONJ%,DET_lemma,DET_count,DET%,INTJ_lemma,INTJ_count,INTJ%,NOUN_lemma,NOUN_count,NOUN%,PRON_lemma,PRON_count,PRON%,SCONJ_lemma,SCONJ_count,SCONJ%,CONJ_lemma,CONJ_count,CONJ%,SYM_lemma,SYM_count,SYM%
987,bush,bush,1,0.0016750418760469,Bush,553,0.9262981574539364,,0,0.0,,0,0.0,,0,0.0,,0,0.0,,0,0.0,,0,0.0,,0,0.0,,0,0.0,,0,0.0,,0,0.0,,0,0.0,bush,43,0.0720268006700167,,0,0.0,,0,0.0,,0,0.0,,0,0.0
1694,dan,dan,1,0.0052356020942408,Dan,163,0.8534031413612565,,0,0.0,,0,0.0,dan,6,0.031413612565445,,0,0.0,,0,0.0,,0,0.0,,0,0.0,,0,0.0,dan,20,0.1047120418848167,,0,0.0,,0,0.0,dan,1,0.0052356020942408,,0,0.0,,0,0.0,,0,0.0,,0,0.0
689,ben,ben,2,0.0061919504643962,Ben,319,0.9876160990712074,,0,0.0,,0,0.0,ben,1,0.0030959752321981,,0,0.0,,0,0.0,,0,0.0,,0,0.0,ben,1,0.0030959752321981,,0,0.0,,0,0.0,,0,0.0,,0,0.0,,0,0.0,,0,0.0,,0,0.0,,0,0.0
4251,lord,lord,2,0.0109890109890109,Lord,154,0.8461538461538461,,0,0.0,,0,0.0,,0,0.0,,0,0.0,,0,0.0,,0,0.0,,0,0.0,,0,0.0,,0,0.0,,0,0.0,lord,5,0.0274725274725274,lord,21,0.1153846153846153,,0,0.0,,0,0.0,,0,0.0,,0,0.0
7669,triple,triple,1,0.0113636363636363,Triple,78,0.8863636363636364,,0,0.0,,0,0.0,,0,0.0,,0,0.0,triple,6,0.0681818181818181,,0,0.0,,0,0.0,,0,0.0,,0,0.0,triple,2,0.0227272727272727,,0,0.0,triple,1,0.0113636363636363,,0,0.0,,0,0.0,,0,0.0,,0,0.0
6736,smith,smith,1,0.0144927536231884,Smith,67,0.9710144927536232,,0,0.0,,0,0.0,,0,0.0,,0,0.0,,0,0.0,,0,0.0,,0,0.0,,0,0.0,,0,0.0,,0,0.0,,0,0.0,smith,1,0.0144927536231884,,0,0.0,,0,0.0,,0,0.0,,0,0.0
7308,tak,tak,1,0.0149253731343283,tak,59,0.8805970149253731,,0,0.0,,0,0.0,tak,6,0.0895522388059701,,0,0.0,,0,0.0,,0,0.0,,0,0.0,,0,0.0,,0,0.0,,0,0.0,,0,0.0,tak,1,0.0149253731343283,,0,0.0,,0,0.0,,0,0.0,,0,0.0
5267,potter,potter,1,0.0169491525423728,potter,57,0.9661016949152542,,0,0.0,,0,0.0,,0,0.0,,0,0.0,,0,0.0,,0,0.0,,0,0.0,,0,0.0,,0,0.0,,0,0.0,,0,0.0,potter,1,0.0169491525423728,,0,0.0,,0,0.0,,0,0.0,,0,0.0
3172,gore,gore,1,0.0172413793103448,Gore,57,0.9827586206896552,,0,0.0,,0,0.0,,0,0.0,,0,0.0,,0,0.0,,0,0.0,,0,0.0,,0,0.0,,0,0.0,,0,0.0,,0,0.0,,0,0.0,,0,0.0,,0,0.0,,0,0.0,,0,0.0
806,bobby,bobby,1,0.0192307692307692,Bobby,50,0.9615384615384616,,0,0.0,,0,0.0,,0,0.0,,0,0.0,,0,0.0,,0,0.0,,0,0.0,,0,0.0,,0,0.0,,0,0.0,,0,0.0,bobby,1,0.0192307692307692,,0,0.0,,0,0.0,,0,0.0,,0,0.0
7586,tori,tori,1,0.0227272727272727,Tori,40,0.9090909090909092,,0,0.0,,0,0.0,tori,2,0.0454545454545454,,0,0.0,,0,0.0,,0,0.0,,0,0.0,,0,0.0,,0,0.0,,0,0.0,,0,0.0,tori,1,0.0227272727272727,,0,0.0,,0,0.0,,0,0.0,,0,0.0
4671,nick,nick,3,0.023076923076923,nick,114,0.8769230769230769,,0,0.0,,0,0.0,,0,0.0,,0,0.0,,0,0.0,,0,0.0,,0,0.0,,0,0.0,,0,0.0,,0,0.0,,0,0.0,nick,13,0.1,,0,0.0,,0,0.0,,0,0.0,,0,0.0
804,bob,bob,5,0.0263157894736842,Bob,180,0.9473684210526316,,0,0.0,,0,0.0,,0,0.0,,0,0.0,,0,0.0,,0,0.0,,0,0.0,,0,0.0,,0,0.0,,0,0.0,,0,0.0,bob,5,0.0263157894736842,,0,0.0,,0,0.0,,0,0.0,,0,0.0
6954,st,st,1,0.027027027027027,ST,32,0.8648648648648649,,0,0.0,,0,0.0,,0,0.0,,0,0.0,,0,0.0,,0,0.0,,0,0.0,,0,0.0,,0,0.0,,0,0.0,,0,0.0,st,4,0.1081081081081081,,0,0.0,,0,0.0,,0,0.0,,0,0.0
508,ave,ave,1,0.0277777777777777,Ave,35,0.9722222222222222,,0,0.0,,0,0.0,,0,0.0,,0,0.0,,0,0.0,,0,0.0,,0,0.0,,0,0.0,,0,0.0,,0,0.0,,0,0.0,,0,0.0,,0,0.0,,0,0.0,,0,0.0,,0,0.0
2210,doy,doy,1,0.0285714285714285,DOY,34,0.9714285714285714,,0,0.0,,0,0.0,,0,0.0,,0,0.0,,0,0.0,,0,0.0,,0,0.0,,0,0.0,,0,0.0,,0,0.0,,0,0.0,,0,0.0,,0,0.0,,0,0.0,,0,0.0,,0,0.0
5545,ralph,ralph,1,0.03125,ralph,31,0.96875,,0,0.0,,0,0.0,,0,0.0,,0,0.0,,0,0.0,,0,0.0,,0,0.0,,0,0.0,,0,0.0,,0,0.0,,0,0.0,,0,0.0,,0,0.0,,0,0.0,,0,0.0,,0,0.0
937,buffy,buffy,1,0.032258064516129,Buffy,29,0.935483870967742,,0,0.0,,0,0.0,,0,0.0,,0,0.0,buffy,1,0.032258064516129,,0,0.0,,0,0.0,,0,0.0,,0,0.0,,0,0.0,,0,0.0,,0,0.0,,0,0.0,,0,0.0,,0,0.0,,0,0.0
2918,ford,ford,1,0.032258064516129,Ford,29,0.935483870967742,,0,0.0,,0,0.0,,0,0.0,,0,0.0,,0,0.0,,0,0.0,,0,0.0,,0,0.0,,0,0.0,,0,0.0,,0,0.0,ford,1,0.032258064516129,,0,0.0,,0,0.0,,0,0.0,,0,0.0
3937,joel,joel,1,0.0416666666666666,Joel,23,0.9583333333333334,,0,0.0,,0,0.0,,0,0.0,,0,0.0,,0,0.0,,0,0.0,,0,0.0,,0,0.0,,0,0.0,,0,0.0,,0,0.0,,0,0.0,,0,0.0,,0,0.0,,0,0.0,,0,0.0
