,word,VERB_lemma,VERB_count,VERB%,PROPN_lemma,PROPN_count,PROPN%,PART_lemma,PART_count,PART%,NUM_lemma,NUM_count,NUM%,X_lemma,X_count,X%,PUNCT_lemma,PUNCT_count,PUNCT%,ADJ_lemma,ADJ_count,ADJ%,ADP_lemma,ADP_count,ADP%,ADV_lemma,ADV_count,ADV%,AUX_lemma,AUX_count,AUX%,CCONJ_lemma,CCONJ_count,CCONJ%,DET_lemma,DET_count,DET%,INTJ_lemma,INTJ_count,INTJ%,NOUN_lemma,NOUN_count,NOUN%,PRON_lemma,PRON_count,PRON%,SCONJ_lemma,SCONJ_count,SCONJ%,CONJ_lemma,CONJ_count,CONJ%,SYM_lemma,SYM_count,SYM%
93,.,.,1,6.931784310599391e-06,.,228,0.0015804468228166,.,6,4.1590705863596346e-05,.,3,2.0795352931798173e-05,.,1900,0.0131703901901388,.,141917,0.9837380340073338,.,1,6.931784310599391e-06,.,4,2.7727137242397565e-05,.,2,1.3863568621198784e-05,.,3,2.0795352931798173e-05,.,10,6.931784310599392e-05,,0,0.0,.,1,6.931784310599391e-06,.,186,0.0012893118817714,,0,0.0,,0,0.0,,0,0.0,.,1,6.931784310599391e-06
139,a,a,2,3.360440889844748e-05,A,118,0.0019826601250084,a,9,0.000151219840043,,0,0.0,a,122,0.0020498689428052,a,12,0.0002016264533906,a,1,1.6802204449223738e-05,a,70,0.0011761543114456,a,33,0.0005544727468243,a,6,0.0001008132266953,a,2,3.360440889844748e-05,a,58694,0.986188587942738,,0,0.0,a,116,0.0019490557161099,a,329,0.0055279252637946,a,2,3.360440889844748e-05,,0,0.0,,0,0.0
8308,you,you,1,3.437607425232039e-05,YOu,5,0.0001718803712616,,0,0.0,,0,0.0,you,1,3.437607425232039e-05,,0,0.0,,0,0.0,,0,0.0,,0,0.0,,0,0.0,,0,0.0,,0,0.0,you,3,0.0001031282227569,you,5,0.0001718803712616,you,29075,0.9994843588862152,,0,0.0,,0,0.0,,0,0.0
7434,the,the,4,3.746511061573909e-05,The,68,0.0006369068804675,the,1,9.366277653934773e-06,,0,0.0,the,18,0.0001685929977708,,0,0.0,the,1,9.366277653934773e-06,,0,0.0,,0,0.0,the,1,9.366277653934773e-06,,0,0.0,the,106152,0.994249105520484,,0,0.0,the,4,3.746511061573909e-05,the,517,0.0048423655470842,,0,0.0,,0,0.0,,0,0.0
474,at,at,1,7.322252324815113e-05,aT,3,0.0002196675697444,,0,0.0,,0,0.0,at,3,0.0002196675697444,,0,0.0,,0,0.0,at,13044,0.9551145932488834,at,591,0.0432745112396573,,0,0.0,at,5,0.0003661126162407,,0,0.0,,0,0.0,,0,0.0,,0,0.0,at,10,0.0007322252324815,,0,0.0,,0,0.0
3695,in,in,3,8.461191335740072e-05,In,23,0.00064869133574,,0,0.0,,0,0.0,in,1,2.820397111913357e-05,,0,0.0,in,1,2.820397111913357e-05,in,34454,0.9717396209386282,in,768,0.0216606498194945,,0,0.0,,0,0.0,,0,0.0,,0,0.0,in,20,0.0005640794223826,in,1,2.820397111913357e-05,in,185,0.0052177346570397,,0,0.0,,0,0.0
4694,not,not,3,8.80178382818918e-05,NOt,3,8.80178382818918e-05,not,33686,0.9883229667879356,,0,0.0,not,2,5.867855885459453e-05,,0,0.0,,0,0.0,,0,0.0,,0,0.0,not,382,0.0112076047412275,,0,0.0,,0,0.0,,0,0.0,not,8,0.0002347142354183,,0,0.0,,0,0.0,,0,0.0,,0,0.0
154,about,about,1,9.928514694201748e-05,,0,0.0,,0,0.0,,0,0.0,about,5,0.00049642573471,,0,0.0,about,157,0.0155877680698967,about,8635,0.8573272438443209,about,1251,0.1242057188244638,,0,0.0,,0,0.0,,0,0.0,,0,0.0,about,1,9.928514694201748e-05,,0,0.0,about,22,0.0021842732327243,,0,0.0,,0,0.0
993,but,but,2,0.0001076020874804,buT,9,0.0004842093936622,,0,0.0,,0,0.0,but,11,0.0005918114811427,But,1,5.380104374024856e-05,,0,0.0,,0,0.0,but,23,0.0012374240060257,,0,0.0,but,18337,0.9865497390649378,,0,0.0,but,3,0.0001614031312207,but,8,0.0004304083499219,,0,0.0,but,193,0.0103836014418679,,0,0.0,,0,0.0
3633,if,if,1,0.0001143641354071,iF,3,0.0003430924062214,,0,0.0,,0,0.0,if,2,0.0002287282708142,,0,0.0,,0,0.0,,0,0.0,,0,0.0,,0,0.0,,0,0.0,,0,0.0,,0,0.0,if,3,0.0003430924062214,if,3,0.0003430924062214,if,8732,0.9986276303751144,,0,0.0,,0,0.0
6814,some,some,1,0.0001451589490492,Some,3,0.0004354768471476,,0,0.0,some,1,0.0001451589490492,some,3,0.0004354768471476,,0,0.0,,0,0.0,,0,0.0,some,11,0.0015967484395412,,0,0.0,,0,0.0,some,5590,0.8114385251850776,,0,0.0,,0,0.0,some,1280,0.1858034547829873,,0,0.0,,0,0.0,,0,0.0
4785,on,on,3,0.0001551269455504,On,20,0.0010341796370029,,0,0.0,,0,0.0,on,2,0.0001034179637002,,0,0.0,on,1,5.170898185014737e-05,on,18771,0.9706292983091164,on,502,0.0259579088887739,on,1,5.170898185014737e-05,,0,0.0,,0,0.0,on,17,0.0008790526914525,on,18,0.0009307616733026,,0,0.0,on,4,0.0002068359274005,,0,0.0,,0,0.0
287,all,all,2,0.0001621008267142,alL,16,0.0012968066137137,,0,0.0,,0,0.0,all,5,0.0004052520667855,,0,0.0,,0,0.0,,0,0.0,all,1629,0.1320311233587291,all,1,8.105041335710812e-05,,0,0.0,all,4730,0.3833684551791214,all,4,0.0003242016534284,all,3,0.0002431512400713,all,5948,0.4820878586480791,,0,0.0,,0,0.0,,0,0.0
4829,out,out,2,0.0001926967915984,Out,16,0.0015415743327873,,0,0.0,,0,0.0,out,3,0.0002890451873976,,0,0.0,out,9,0.0008671355621928,out,8970,0.8642451103189132,out,1346,0.1296849407457365,,0,0.0,,0,0.0,,0,0.0,,0,0.0,out,29,0.002794103478177,out,3,0.0002890451873976,out,1,9.634839579920994e-05,,0,0.0,,0,0.0
627,because,because,1,0.0002180549498473,beCausE,1,0.0002180549498473,,0,0.0,,0,0.0,because,4,0.0008722197993894,,0,0.0,,0,0.0,,0,0.0,because,1,0.0002180549498473,,0,0.0,,0,0.0,,0,0.0,,0,0.0,because,2,0.0004361098996947,,0,0.0,because,4577,0.9980375054513736,,0,0.0,,0,0.0
130,:,:,2,0.0002258610954263,:,7,0.000790513833992,,0,0.0,:,3,0.0003387916431394,:,111,0.0125352907961603,:,8731,0.9859966120835686,,0,0.0,,0,0.0,,0,0.0,:,1,0.0001129305477131,,0,0.0,,0,0.0,,0,0.0,,0,0.0,,0,0.0,,0,0.0,,0,0.0,,0,0.0
95,..,..,2,0.000233808744447,..,111,0.0129763853168108,,0,0.0,..,1,0.0001169043722235,..,203,0.0237315875613747,..,8213,0.9601356090717792,,0,0.0,,0,0.0,,0,0.0,..,2,0.000233808744447,,0,0.0,,0,0.0,..,3,0.0003507131166705,..,18,0.0021042787000233,..,1,0.0001169043722235,,0,0.0,,0,0.0,,0,0.0
0,!,!,6,0.0002508466072996,!,100,0.0041807767883272,!,3,0.0001254233036498,,0,0.0,!,5,0.0002090388394163,!,23626,0.9877503240102012,!,4,0.000167231071533,,0,0.0,,0,0.0,,0,0.0,,0,0.0,,0,0.0,!,157,0.0065638195576738,!,18,0.0007525398218989,,0,0.0,,0,0.0,,0,0.0,,0,0.0
7575,too,too,1,0.000254000508001,Too,3,0.000762001524003,too,15,0.0038100076200152,,0,0.0,too,1,0.000254000508001,,0,0.0,,0,0.0,too,9,0.0022860045720091,too,3906,0.9921259842519684,,0,0.0,,0,0.0,,0,0.0,too,1,0.000254000508001,too,1,0.000254000508001,,0,0.0,,0,0.0,,0,0.0,,0,0.0
96,...,...,5,0.0002550760126517,...,6,0.0003060912151821,,0,0.0,,0,0.0,...,139,0.0070911131517192,...,19419,0.9906642179369451,...,5,0.0002550760126517,,0,0.0,,0,0.0,,0,0.0,,0,0.0,,0,0.0,...,22,0.0011223344556677,...,2,0.0001020304050607,...,1,5.1015202530354045e-05,,0,0.0,,0,0.0,...,3,0.000153045607591
